{
 "cells": [
  {
   "cell_type": "code",
   "execution_count": 2,
   "metadata": {},
   "outputs": [
    {
     "name": "stdout",
     "output_type": "stream",
     "text": [
      "Running QR algorithm on matrix:\n",
      "[[ 4  1  1  4]\n",
      " [ 1  3 -1  4]\n",
      " [ 1 -1  3  5]\n",
      " [ 4  4  5  2]]\n",
      "\n",
      "\n",
      "Initial matrix A_0:\n",
      "[[ 4.  1.  1.  4.]\n",
      " [ 1.  3. -1.  4.]\n",
      " [ 1. -1.  3.  5.]\n",
      " [ 4.  4.  5.  2.]]\n",
      "\n",
      "\n",
      "Iteration 1:\n",
      "Q matrix:\n",
      "[[ 0.68599434 -0.44453856 -0.5739968  -0.04821727]\n",
      " [ 0.17149859  0.65857564 -0.358748    0.63887889]\n",
      " [ 0.17149859 -0.46100295  0.5022472   0.7112048 ]\n",
      " [ 0.68599434  0.39514539  0.538122   -0.28930365]]\n",
      "R matrix:\n",
      "[[ 5.83095189  3.77296887  4.45896321  5.65945331]\n",
      " [ 0.          3.57277286 -0.51039612 -0.65857564]\n",
      " [ 0.          0.          3.98210282 -0.1434992 ]\n",
      " [ 0.          0.          0.          5.34006314]]\n",
      "A_1 matrix:\n",
      "[[ 9.29411765  0.07341411  0.58448536  3.66325309]\n",
      " [ 0.07341411  2.32800217 -1.89246419  2.11010131]\n",
      " [ 0.58448536 -1.89246419  1.92277992  2.87360547]\n",
      " [ 3.66325309  2.11010131  2.87360547 -1.54489974]]\n",
      "\n",
      "\n",
      "Iteration 2:\n",
      "Q matrix:\n",
      "[[ 0.92872913 -0.17275162 -0.32675497 -0.02915956]\n",
      " [ 0.00733602  0.64662566 -0.38003222  0.66135993]\n",
      " [ 0.05840561 -0.53904053  0.38430826  0.74721566]\n",
      " [ 0.36605625  0.51133887  0.77531533 -0.05849375]]\n",
      "R matrix:\n",
      "[[10.00735024  0.74714535  1.69314779  3.01996406]\n",
      " [ 0.          3.59175525 -0.89175682 -1.60734437]\n",
      " [ 0.          0.          3.49510446 -2.09232675]\n",
      " [ 0.          0.          0.          3.5262876 ]]\n",
      "A_2 matrix:\n",
      "[[10.50396476 -0.61411286 -0.56177559  1.29081961]\n",
      " [-0.61411286  1.98131651 -2.95389098  1.80312793]\n",
      " [-0.56177559 -2.95389098 -0.27901548  2.73398484]\n",
      " [ 1.29081961  1.80312793  2.73398484 -0.20626579]]\n",
      "\n",
      "\n",
      "Iteration 3:\n",
      "Q matrix:\n",
      "[[ 0.98947834 -0.06743067 -0.12779105 -0.00742677]\n",
      " [-0.05784972  0.48789237 -0.73273489  0.47086519]\n",
      " [-0.05291952 -0.73938806 -0.05846388  0.66864549]\n",
      " [ 0.12159581  0.45904187  0.66584608  0.57545115]]\n",
      "R matrix:\n",
      "[[10.61565906 -0.34669869 -0.03777657  1.00316539]\n",
      " [ 0.          4.01986218  0.05801425 -1.32346886]\n",
      " [ 0.          0.          4.07293429 -1.78335057]\n",
      " [ 0.          0.          0.          2.54881431]]\n",
      "A_3 matrix:\n",
      "[[10.648001   -0.39654623 -0.43238568  0.30992513]\n",
      " [-0.39654623  1.31083743 -3.83011156  1.17001248]\n",
      " [-0.43238568 -3.83011156 -1.42555654  1.69711802]\n",
      " [ 0.30992513  1.17001248  1.69711802  1.46671811]]\n",
      "\n",
      "\n",
      "Iteration 4:\n",
      "Q matrix:\n",
      "[[ 0.99806411 -0.03355343 -0.05234269 -0.00156227]\n",
      " [-0.03716928  0.30802505 -0.91399697  0.26143555]\n",
      " [-0.04052861 -0.90902401 -0.20090988  0.36286086]\n",
      " [ 0.02905007  0.27869353  0.34857567  0.89441658]]\n",
      "R matrix:\n",
      "[[10.66865433 -0.25528343 -0.18210892  0.23966306]\n",
      " [ 0.          4.22481453  0.60357864 -0.78396207]\n",
      " [ 0.          0.          4.40132505 -0.9153157 ]\n",
      " [ 0.          0.          0.          2.23307336]]\n",
      "A_4 matrix:\n",
      "[[10.67183255 -0.20426968 -0.20496955  0.06487093]\n",
      " [-0.20426968  0.5341961  -4.2560027   0.6223431 ]\n",
      " [-0.20496955 -4.2560027  -1.20332648  0.77839505]\n",
      " [ 0.06487093  0.6223431   0.77839505  1.99729783]]\n",
      "\n",
      "\n",
      "Iteration 5:\n",
      "Q matrix:\n",
      "[[ 9.99614112e-01 -1.73846582e-02 -2.16633307e-02 -3.16454135e-04]\n",
      " [-1.91336261e-02  1.22597271e-01 -9.83222168e-01  1.33708573e-01]\n",
      " [-1.91991817e-02 -9.81848559e-01 -1.00319087e-01  1.59815139e-01]\n",
      " [ 6.07636025e-03  1.43670071e-01  1.50801028e-01  9.78049609e-01]]\n",
      "R matrix:\n",
      "[[10.67595227 -0.12891861 -0.095625    0.05012997]\n",
      " [ 0.          4.33720434  0.77510545 -0.40214433]\n",
      " [ 0.          0.          4.42713591 -0.39020017]\n",
      " [ 0.          0.          0.          2.16104775]]\n",
      "A_5 matrix:\n",
      "[[10.67643976 -0.10031141 -0.08736838  0.0131313 ]\n",
      " [-0.10031141 -0.28708285 -4.4028371   0.31047788]\n",
      " [-0.08736838 -4.4028371  -0.50296882  0.32588822]\n",
      " [ 0.0131313   0.31047788  0.32588822  2.11361191]]\n",
      "\n",
      "\n",
      "Iteration 6:\n",
      "Q matrix:\n",
      "[[ 9.99921631e-01 -8.84270484e-03 -8.86193751e-03 -6.36229059e-05]\n",
      " [-9.39484992e-03 -6.50248824e-02 -9.95643175e-01  6.61677409e-02]\n",
      " [-8.18264691e-03 -9.95372031e-01  6.94636931e-02  6.58965809e-02]\n",
      " [ 1.22983653e-03  7.02003631e-02  6.15705277e-02  9.95630186e-01]]\n",
      "R matrix:\n",
      "[[ 1.06772765e+01 -6.11977505e-02 -4.14811375e-02  1.01461513e-02]\n",
      " [ 0.00000000e+00  4.42381112e+00  8.10585104e-01 -1.96308602e-01]\n",
      " [ 0.00000000e+00  0.00000000e+00  4.36955600e+00 -1.56467955e-01]\n",
      " [ 0.00000000e+00  0.00000000e+00  0.00000000e+00  2.14639352e+00]]\n",
      "A_6 matrix:\n",
      "[[ 1.06773666e+01 -4.84352008e-02 -3.59469639e-02  2.63971316e-03]\n",
      " [-4.84352008e-02 -1.10827247e+00 -4.36031794e+00  1.50677605e-01]\n",
      " [-3.59469639e-02 -4.36031794e+00  2.93891683e-01  1.32154582e-01]\n",
      " [ 2.63971316e-03  1.50677605e-01  1.32154582e-01  2.13701418e+00]]\n",
      "\n",
      "\n",
      "Iteration 7:\n",
      "Q matrix:\n",
      "[[ 9.99984014e-01 -4.38622056e-03 -3.56831923e-03 -1.27724479e-05]\n",
      " [-4.53617715e-03 -2.46221325e-01 -9.68672605e-01  3.20603654e-02]\n",
      " [-3.36659689e-03 -9.68625503e-01  2.47098158e-01  2.63780507e-02]\n",
      " [ 2.47221160e-04  3.34732031e-02  2.45591594e-02  9.99137794e-01]]\n",
      "R matrix:\n",
      "[[ 1.06775373e+01 -2.86904227e-02 -1.71239580e-02  2.03957457e-03]\n",
      " [ 0.00000000e+00  4.50165159e+00  7.93513592e-01 -9.35872066e-02]\n",
      " [ 0.00000000e+00  0.00000000e+00  4.29971451e+00 -6.08282615e-02]\n",
      " [ 0.00000000e+00  0.00000000e+00  0.00000000e+00  2.14348836e+00]]\n",
      "A_7 matrix:\n",
      "[[ 1.06775549e+01 -2.31148662e-02 -1.44904435e-02  5.29915679e-04]\n",
      " [-2.31148662e-02 -1.88015279e+00 -4.16684924e+00  7.17494212e-02]\n",
      " [-1.44904435e-02 -4.16684924e+00  1.06095764e+00  5.26422723e-02]\n",
      " [ 5.29915679e-04  7.17494212e-02  5.26422723e-02  2.14164023e+00]]\n",
      "\n",
      "\n",
      "Iteration 8:\n",
      "Q matrix:\n",
      "[[ 9.99996735e-01 -2.12787451e-03 -1.41515553e-03 -2.56335086e-06]\n",
      " [-2.16480186e-03 -4.11239082e-01 -9.11397177e-01  1.52616375e-02]\n",
      " [-1.35708937e-03 -9.11389931e-01  4.11412014e-01  1.03298878e-02]\n",
      " [ 4.96287730e-05  1.56933973e-02  9.66121052e-03  9.99830173e-01]]\n",
      "R matrix:\n",
      "[[ 1.06775898e+01 -1.33862849e-02 -6.90719499e-03  4.09437377e-04]\n",
      " [ 0.00000000e+00  4.57199193e+00  7.47482113e-01 -4.38753197e-02]\n",
      " [ 0.00000000e+00  0.00000000e+00  4.23467445e+00 -2.30444694e-02]\n",
      " [ 0.00000000e+00  0.00000000e+00  0.00000000e+00  2.14291533e+00]]\n",
      "A_8 matrix:\n",
      "[[ 1.06775933e+01 -1.09140341e-02 -5.74797533e-03  1.06350258e-04]\n",
      " [-1.09140341e-02 -2.56211799e+00 -3.85980130e+00  3.36296215e-02]\n",
      " [-5.74797533e-03 -3.85980130e+00  1.74197330e+00  2.07031561e-02]\n",
      " [ 1.06350258e-04  3.36296215e-02  2.07031561e-02  2.14255140e+00]]\n",
      "\n",
      "\n",
      "Iteration 9:\n",
      "Q matrix:\n",
      "[[ 9.99999333e-01 -1.01383861e-03 -5.53891532e-04 -5.14418932e-07]\n",
      " [-1.02214297e-03 -5.53028667e-01 -8.33130894e-01  7.15282679e-03]\n",
      " [-5.38320888e-04 -8.33129986e-01  5.53062762e-01  3.96448292e-03]\n",
      " [ 9.96012721e-06  7.25889009e-03  3.76675878e-03  9.99966559e-01]]\n",
      "R matrix:\n",
      "[[ 1.06776004e+01 -6.21702936e-03 -2.74023716e-03  8.21710495e-05]\n",
      " [ 0.00000000e+00  4.63289608e+00  6.83446682e-01 -2.02941276e-02]\n",
      " [ 0.00000000e+00  0.00000000e+00  4.17922144e+00 -8.49731652e-03]\n",
      " [ 0.00000000e+00  0.00000000e+00  0.00000000e+00  2.14280238e+00]]\n",
      "A_9 matrix:\n",
      "[[ 1.06776011e+01 -5.10359789e-03 -2.24984683e-03  2.13425843e-05]\n",
      " [-5.10359789e-03 -3.13167158e+00 -3.48189638e+00  1.55543670e-02]\n",
      " [-2.24984683e-03 -3.48189638e+00  2.31133975e+00  8.07141967e-03]\n",
      " [ 2.13425843e-05  1.55543670e-02  8.07141967e-03  2.14273072e+00]]\n",
      "\n",
      "\n",
      "Iteration 10:\n",
      "Q matrix:\n",
      "[[ 9.99999864e-01 -4.76298750e-04 -2.14472517e-04 -1.03233556e-07]\n",
      " [-4.77972266e-04 -6.68720930e-01 -7.43505981e-01  3.30828365e-03]\n",
      " [-2.10707115e-04 -7.43505924e-01  6.68727651e-01  1.49166046e-03]\n",
      " [ 1.99881801e-06  3.32139873e-03  1.46222369e-03  9.99993415e-01]]\n",
      "R matrix:\n",
      "[[ 1.06776026e+01 -2.87305360e-03 -1.07259622e-03  1.64902486e-05]\n",
      " [ 0.00000000e+00  4.68307901e+00  6.09950074e-01 -9.28582614e-03]\n",
      " [ 0.00000000e+00  0.00000000e+00  4.13447987e+00 -3.03403631e-03]\n",
      " [ 0.00000000e+00  0.00000000e+00  0.00000000e+00  2.14278011e+00]]\n",
      "A_10 matrix:\n",
      "[[ 1.06776027e+01 -2.36692127e-03 -8.71170391e-04  4.28302748e-06]\n",
      " [-2.36692127e-03 -3.58520529e+00 -3.07402036e+00  7.11702714e-03]\n",
      " [-8.71170391e-04 -3.07402036e+00  2.76483658e+00  3.13322384e-03]\n",
      " [ 4.28302748e-06  7.11702714e-03  3.13322384e-03  2.14276600e+00]]\n",
      "\n",
      "\n",
      "Iteration 11:\n",
      "Q matrix:\n",
      "[[ 9.99999972e-01 -2.21390048e-04 -8.23504558e-05 -2.07168562e-08]\n",
      " [-2.21671593e-04 -7.59152434e-01 -6.50911086e-01  1.51372842e-03]\n",
      " [-8.15885729e-05 -6.50911102e-01  7.59153758e-01  5.49765655e-04]\n",
      " [ 4.01122562e-07  1.50700113e-03  5.67946684e-04  9.99998703e-01]]\n",
      "R matrix:\n",
      "[[ 1.06776030e+01 -1.32137525e-03 -4.15325191e-04  3.30926114e-06]\n",
      " [ 0.00000000e+00  4.72264255e+00  5.33992125e-01 -4.21320881e-03]\n",
      " [ 0.00000000e+00  0.00000000e+00  4.09985186e+00 -1.03697672e-03]\n",
      " [ 0.00000000e+00  0.00000000e+00  0.00000000e+00  2.14277572e+00]]\n",
      "A_11 matrix:\n",
      "[[ 1.06776030e+01 -1.09044504e-03 -3.34501478e-04  8.59515689e-07]\n",
      " [-1.09044504e-03 -3.93279333e+00 -2.66864065e+00  3.22916544e-03]\n",
      " [-3.34501478e-04 -2.66864065e+00  3.11241736e+00  1.21698236e-03]\n",
      " [ 8.59515686e-07  3.22916544e-03  1.21698236e-03  2.14277294e+00]]\n",
      "\n",
      "\n",
      "Iteration 12:\n",
      "Q matrix:\n",
      "[[ 9.99999994e-01 -1.02096192e-04 -3.14196813e-05 -4.15744604e-09]\n",
      " [-1.02124515e-04 -8.27479544e-01 -5.61495433e-01  6.86814460e-04]\n",
      " [-3.13273939e-05 -5.61495442e-01  8.27479805e-01  1.97878004e-04]\n",
      " [ 8.04970627e-08  6.79432687e-04  2.21903187e-04  9.99999745e-01]]\n",
      "R matrix:\n",
      "[[ 1.06776031e+01 -6.05208606e-04 -1.59471669e-04  6.64100770e-07]\n",
      " [ 0.00000000e+00  4.75273791e+00  4.60638252e-01 -1.89952851e-03]\n",
      " [ 0.00000000e+00  0.00000000e+00  4.07389233e+00 -3.30645201e-04]\n",
      " [ 0.00000000e+00  0.00000000e+00  0.00000000e+00  2.14277485e+00]]\n",
      "A_12 matrix:\n",
      "[[ 1.06776031e+01 -4.99801805e-04 -1.27624456e-04  1.72487084e-07]\n",
      " [-4.99801805e-04 -4.19144097e+00 -2.28747220e+00  1.45587128e-03]\n",
      " [-1.27624456e-04 -2.28747220e+00  3.37106356e+00  4.75488568e-04]\n",
      " [ 1.72487082e-07  1.45587128e-03  4.75488568e-04  2.14277430e+00]]\n",
      "\n",
      "\n",
      "Iteration 13:\n",
      "Q matrix:\n",
      "[[ 9.99999999e-01 -4.68137110e-05 -1.19318360e-05 -8.34313659e-10]\n",
      " [-4.68084269e-05 -8.77787075e-01 -4.79050888e-01  3.09650703e-04]\n",
      " [-1.19525379e-05 -4.79050891e-01  8.77787126e-01  6.90668766e-05]\n",
      " [ 1.61541012e-08  3.04893949e-04  8.77124335e-05  9.99999950e-01]]\n",
      "R matrix:\n",
      "[[ 1.06776031e+01 -2.76265924e-04 -6.08442384e-05  1.33271337e-07]\n",
      " [ 0.00000000e+00  4.77500877e+00  3.93002682e-01 -8.52409299e-04]\n",
      " [ 0.00000000e+00  0.00000000e+00  4.05489183e+00 -9.21107365e-05]\n",
      " [ 0.00000000e+00  0.00000000e+00  0.00000000e+00  2.14277468e+00]]\n",
      "A_13 matrix:\n",
      "[[ 1.06776031e+01 -2.28208042e-04 -4.84662499e-05  3.46146014e-08]\n",
      " [-2.28208042e-04 -4.37970952e+00 -1.94249957e+00  6.53319034e-04]\n",
      " [-4.84662499e-05 -1.94249957e+00  3.55933183e+00  1.87947982e-04]\n",
      " [ 3.46145991e-08  6.53319034e-04  1.87947982e-04  2.14277457e+00]]\n",
      "\n",
      "\n",
      "Iteration 14:\n",
      "Q matrix:\n",
      "[[ 1.00000000e+00 -2.13774905e-05 -4.51592567e-06 -1.67429538e-10]\n",
      " [-2.13725908e-05 -9.14124062e-01 -4.05434557e-01  1.38955070e-04]\n",
      " [-4.53905707e-06 -4.05434558e-01  9.14124072e-01  2.30302166e-05]\n",
      " [ 3.24179488e-09  1.36359420e-04  3.52847121e-05  9.99999990e-01]]\n",
      "R matrix:\n",
      "[[ 1.06776031e+01 -1.25785184e-04 -2.31060112e-05  2.67448101e-08]\n",
      " [ 0.00000000e+00  4.79115441e+00  3.32609493e-01 -3.81227759e-04]\n",
      " [ 0.00000000e+00  0.00000000e+00  4.04122737e+00 -1.74631554e-05]\n",
      " [ 0.00000000e+00  0.00000000e+00  0.00000000e+00  2.14277465e+00]]\n",
      "A_14 matrix:\n",
      "[[ 1.06776031e+01 -1.03909117e-04 -1.83433617e-05  6.94643823e-09]\n",
      " [-1.03909117e-04 -4.51456096e+00 -1.63845324e+00  2.92187507e-04]\n",
      " [-1.83433617e-05 -1.63845324e+00  3.69418322e+00  7.56071865e-05]\n",
      " [ 6.94643587e-09  2.92187507e-04  7.56071865e-05  2.14277462e+00]]\n",
      "\n",
      "\n",
      "Iteration 15:\n",
      "Q matrix:\n",
      "[[ 1.00000000e+00 -9.73376330e-06 -1.70507034e-06 -3.35996537e-11]\n",
      " [-9.73150210e-06 -9.40007583e-01 -3.41153543e-01  6.21456488e-05]\n",
      " [-1.71792878e-06 -3.41153543e-01  9.40007585e-01  7.09644094e-06]\n",
      " [ 6.50561347e-10  6.08383572e-05  1.45305000e-05  9.99999998e-01]]\n",
      "R matrix:\n",
      "[[ 1.06776031e+01 -5.71609116e-05 -8.74509422e-06  5.36713348e-09]\n",
      " [ 0.00000000e+00  4.80268568e+00  2.79874779e-01 -1.70089244e-04]\n",
      " [ 0.00000000e+00  0.00000000e+00  4.03152437e+00  2.52611221e-06]\n",
      " [ 0.00000000e+00  0.00000000e+00  0.00000000e+00  2.14277464e+00]]\n",
      "A_15 matrix:\n",
      "[[ 1.06776031e+01 -4.72181509e-05 -6.92587175e-06  1.39400872e-09]\n",
      " [-4.72181509e-05 -4.61004124e+00 -1.37536882e+00  1.30362889e-04]\n",
      " [-6.92587175e-06 -1.37536882e+00  3.78966349e+00  3.11355868e-05]\n",
      " [ 1.39400635e-09  1.30362889e-04  3.11355868e-05  2.14277463e+00]]\n",
      "\n",
      "\n",
      "Iteration 16:\n",
      "Q matrix:\n",
      "[[ 1.00000000e+00 -4.42303559e-06 -6.42690155e-07 -6.74275725e-12]\n",
      " [-4.42216763e-06 -9.58262466e-01 -2.85889919e-01  2.77270113e-05]\n",
      " [-6.48635435e-07 -2.85889919e-01  9.58262466e-01  1.84693973e-06]\n",
      " [ 1.30554239e-10  2.70977756e-05  6.15701999e-06  1.00000000e+00]]\n",
      "R matrix:\n",
      "[[ 1.06776031e+01 -2.59396627e-05 -3.30187029e-06  1.07707484e-09]\n",
      " [ 0.00000000e+00  4.81083358e+00  2.34537731e-01 -7.57587874e-05]\n",
      " [ 0.00000000e+00  0.00000000e+00  4.02469636e+00  5.75973470e-06]\n",
      " [ 0.00000000e+00  0.00000000e+00  0.00000000e+00  2.14277464e+00]]\n",
      "A_16 matrix:\n",
      "[[ 1.06776031e+01 -2.14264420e-05 -2.61056068e-06  2.79750682e-10]\n",
      " [-2.14264420e-05 -4.67709322e+00 -1.15062012e+00  5.80644264e-05]\n",
      " [-2.61056068e-06 -1.15062012e+00  3.85671546e+00  1.31931063e-05]\n",
      " [ 2.79748313e-10  5.80644264e-05  1.31931063e-05  2.14277464e+00]]\n",
      "\n",
      "\n",
      "Iteration 17:\n",
      "Q matrix:\n",
      "[[ 1.00000000e+00 -2.00697794e-06 -2.41961072e-07 -1.35313226e-12]\n",
      " [-2.00667151e-06 -9.71046883e-01 -2.38888991e-01  1.23497800e-05]\n",
      " [-2.44489390e-07 -2.38888991e-01  9.71046884e-01  2.63643792e-07]\n",
      " [ 2.61995422e-11  1.20551970e-05  2.69421601e-06  1.00000000e+00]]\n",
      "R matrix:\n",
      "[[ 1.06776031e+01 -1.17597379e-05 -1.24457008e-06  2.16148592e-10]\n",
      " [ 0.00000000e+00  4.81654727e+00  1.95979215e-01 -3.37033977e-05]\n",
      " [ 0.00000000e+00  0.00000000e+00  4.01992201e+00  4.71327026e-06]\n",
      " [ 0.00000000e+00  0.00000000e+00  0.00000000e+00  2.14277464e+00]]\n",
      "A_17 matrix:\n",
      "[[ 1.06776031e+01 -9.71314304e-06 -9.82828281e-07  5.61420836e-11]\n",
      " [-9.71314304e-06 -4.72391050e+00 -9.60315112e-01  2.58315704e-05]\n",
      " [-9.82828281e-07 -9.60315112e-01  3.90353274e+00  5.77309774e-06]\n",
      " [ 5.61397145e-11  2.58315704e-05  5.77309774e-06  2.14277464e+00]]\n",
      "\n",
      "\n",
      "Iteration 18:\n",
      "Q matrix:\n",
      "[[ 1.00000000e+00 -9.09777827e-07 -9.10185992e-08 -2.71545725e-13]\n",
      " [-9.09674477e-07 -9.79956115e-01 -1.99213484e-01  5.49414216e-06]\n",
      " [-9.20457775e-08 -1.99213484e-01  9.79956115e-01 -1.27318002e-07]\n",
      " [ 5.25770754e-12  5.35865475e-06  1.21927325e-06  1.00000000e+00]]\n",
      "R matrix:\n",
      "[[ 1.06776031e+01 -5.32752928e-06 -4.68557839e-07  4.33784564e-11]\n",
      " [ 0.00000000e+00  4.82053270e+00  1.63430311e-01 -1.49814948e-05]\n",
      " [ 0.00000000e+00  0.00000000e+00  4.01659850e+00  3.12401310e-06]\n",
      " [ 0.00000000e+00  0.00000000e+00  0.00000000e+00  2.14277464e+00]]\n",
      "A_18 matrix:\n",
      "[[ 1.06776031e+01 -4.40015863e-06 -3.69710932e-07  1.12684516e-11]\n",
      " [-4.40015863e-06 -4.75646802e+00 -8.00160580e-01  1.14823895e-05]\n",
      " [-3.69710932e-07 -8.00160580e-01  3.93609026e+00  2.61262781e-06]\n",
      " [ 1.12660824e-11  1.14823895e-05  2.61262781e-06  2.14277464e+00]]\n",
      "\n",
      "\n",
      "Iteration 19:\n",
      "Q matrix:\n",
      "[[ 1.00000000e+00 -4.12126273e-07 -3.42188450e-08 -5.44936243e-14]\n",
      " [-4.12092357e-07 -9.86143462e-01 -1.65894761e-01  2.44220073e-06]\n",
      " [-3.46248992e-08 -1.65894761e-01  9.86143462e-01 -1.67291655e-07]\n",
      " [ 1.05511342e-12  2.38060748e-06  5.70121878e-07  1.00000000e+00]]\n",
      "R matrix:\n",
      "[[ 1.06776031e+01 -2.41234904e-06 -1.76257602e-07  8.70705492e-12]\n",
      " [ 0.00000000e+00  4.82330229e+00  1.36096372e-01 -6.65559927e-06]\n",
      " [ 0.00000000e+00  0.00000000e+00  4.01429213e+00  1.89320027e-06]\n",
      " [ 0.00000000e+00  0.00000000e+00  0.00000000e+00  2.14277464e+00]]\n",
      "A_19 matrix:\n",
      "[[ 1.06776031e+01 -1.99235833e-06 -1.38994461e-07  2.26323947e-12]\n",
      " [-1.99235833e-06 -4.77904569e+00 -6.65950032e-01  5.10110532e-06]\n",
      " [-1.38994460e-07 -6.65950032e-01  3.95866794e+00  1.22164270e-06]\n",
      " [ 2.26087028e-12  5.10110532e-06  1.22164270e-06  2.14277464e+00]]\n",
      "\n",
      "\n",
      "Iteration 20:\n",
      "Q matrix:\n",
      "[[ 1.00000000e+00 -1.86603222e-07 -1.28596080e-08 -1.09357460e-14]\n",
      " [-1.86592282e-07 -9.90430225e-01 -1.38014382e-01  1.08495912e-06]\n",
      " [-1.30173840e-08 -1.38014382e-01  9.90430225e-01 -1.26081336e-07]\n",
      " [ 2.11739494e-13  1.05717526e-06  2.74614728e-07  1.00000000e+00]]\n",
      "R matrix:\n",
      "[[ 1.06776031e+01 -1.09195636e-06 -6.62648255e-08  1.74922001e-12]\n",
      " [ 0.00000000e+00  4.82522198e+00  1.13223930e-01 -2.95560481e-06]\n",
      " [ 0.00000000e+00  0.00000000e+00  4.01269506e+00  1.09436343e-06]\n",
      " [ 0.00000000e+00  0.00000000e+00  0.00000000e+00  2.14277464e+00]]\n",
      "A_20 matrix:\n",
      "[[ 1.06776031e+01 -9.01823058e-07 -5.22347930e-08  4.56079205e-13]\n",
      " [-9.01823059e-07 -4.79467222e+00 -5.53809630e-01  2.26528834e-06]\n",
      " [-5.22347925e-08 -5.53809630e-01  3.97429447e+00  5.88437475e-07]\n",
      " [ 4.53710017e-13  2.26528834e-06  5.88437475e-07  2.14277464e+00]]\n",
      "\n",
      "\n",
      "Iteration 21:\n",
      "Q matrix:\n",
      "[[ 1.00000000e+00 -8.44628058e-08 -4.83137315e-09 -2.19457859e-15]\n",
      " [-8.44593163e-08 -9.93395287e-01 -1.14742333e-01  4.81806409e-07]\n",
      " [-4.89199607e-09 -1.14742333e-01  9.93395287e-01 -8.09221482e-08]\n",
      " [ 4.24917476e-14  4.69339020e-07  1.35671272e-07  1.00000000e+00]]\n",
      "R matrix:\n",
      "[[ 1.06776031e+01 -4.94159086e-07 -2.49026432e-08  3.52926106e-13]\n",
      " [ 0.00000000e+00  4.82655020e+00  9.41320578e-02 -1.31215771e-06]\n",
      " [ 0.00000000e+00  0.00000000e+00  4.01159080e+00  6.15339505e-07]\n",
      " [ 0.00000000e+00  0.00000000e+00  0.00000000e+00  2.14277464e+00]]\n",
      "A_21 matrix:\n",
      "[[ 1.06776031e+01 -4.08107624e-07 -1.96246871e-08  9.34194271e-14]\n",
      " [-4.08107624e-07 -4.80547316e+00 -4.60299288e-01  1.00568774e-06]\n",
      " [-1.96246864e-08 -4.60299288e-01  3.98509540e+00  2.90712960e-07]\n",
      " [ 9.10502391e-14  1.00568775e-06  2.90712961e-07  2.14277464e+00]]\n",
      "\n",
      "\n",
      "Iteration 22:\n",
      "Q matrix:\n",
      "[[ 1.00000000e+00 -3.82220069e-08 -1.81480871e-09 -4.40406644e-16]\n",
      " [-3.82209021e-08 -9.95443805e-01 -9.53500435e-02  2.13900718e-07]\n",
      " [-1.83792994e-09 -9.53500435e-02  9.95443805e-01 -4.82434154e-08]\n",
      " [ 8.52721703e-15  2.08326133e-07  6.84190517e-08  1.00000000e+00]]\n",
      "R matrix:\n",
      "[[ 1.06776031e+01 -2.23592107e-07 -9.35595921e-09  7.27187286e-14]\n",
      " [ 0.00000000e+00  4.82746804e+00  7.82230548e-02 -5.82429175e-07]\n",
      " [ 0.00000000e+00  0.00000000e+00  4.01082808e+00  3.40102654e-07]\n",
      " [ 0.00000000e+00  0.00000000e+00  0.00000000e+00  2.14277464e+00]]\n",
      "A_22 matrix:\n",
      "[[ 1.06776031e+01 -1.84653951e-07 -7.37162160e-09  2.06410924e-14]\n",
      " [-1.84653952e-07 -4.81293173e+00 -3.82432632e-01  4.46395957e-07]\n",
      " [-7.37162101e-09 -3.82432632e-01  3.99255397e+00  1.46606608e-07]\n",
      " [ 1.82719044e-14  4.46395954e-07  1.46606609e-07  2.14277464e+00]]\n",
      "\n",
      "\n",
      "Iteration 23:\n",
      "Q matrix:\n",
      "[[ 1.00000000e+00 -1.72939251e-08 -6.81607123e-10 -8.83805265e-17]\n",
      " [-1.72935770e-08 -9.96857973e-01 -7.92097292e-02  9.49443951e-08]\n",
      " [-6.90381626e-10 -7.92097292e-02  9.96857973e-01 -2.76256187e-08]\n",
      " [ 1.71123652e-15  9.24578595e-08  3.50593381e-08  1.00000000e+00]]\n",
      "R matrix:\n",
      "[[ 1.06776031e+01 -1.01157121e-07 -3.51437933e-09  1.64868892e-14]\n",
      " [ 0.00000000e+00  4.82810175e+00  6.49819000e-02 -2.58489682e-07]\n",
      " [ 0.00000000e+00  0.00000000e+00  4.01030164e+00  1.85911324e-07]\n",
      " [ 0.00000000e+00  0.00000000e+00  0.00000000e+00  2.14277464e+00]]\n",
      "A_23 matrix:\n",
      "[[ 1.06776031e+01 -8.35400125e-08 -2.76863922e-09  6.03598225e-15]\n",
      " [-8.35400118e-08 -4.81807893e+00 -3.17654907e-01  1.98116353e-07]\n",
      " [-2.76863857e-09 -3.17654907e-01  3.99770117e+00  7.51242600e-08]\n",
      " [ 3.66679421e-15  1.98116356e-07  7.51242606e-08  2.14277464e+00]]\n",
      "\n",
      "\n",
      "Iteration 24:\n",
      "Q matrix:\n",
      "[[ 1.00000000e+00 -7.82396365e-09 -2.55975296e-10 -1.77361481e-17]\n",
      " [-7.82385437e-09 -9.97833691e-01 -6.57869606e-02  4.21375630e-08]\n",
      " [-2.59294014e-10 -6.57869606e-02  9.97833691e-01 -1.54436398e-08]\n",
      " [ 3.43409861e-16  4.10302899e-08  1.81822863e-08  1.00000000e+00]]\n",
      "R matrix:\n",
      "[[ 1.06776031e+01 -4.57616986e-08 -1.31993347e-09  5.20231943e-15]\n",
      " [ 0.00000000e+00  4.82853903e+00  5.39701592e-02 -1.14710704e-07]\n",
      " [ 0.00000000e+00  0.00000000e+00  4.00993847e+00  1.00888587e-07]\n",
      " [ 0.00000000e+00  0.00000000e+00  0.00000000e+00  2.14277464e+00]]\n",
      "A_24 matrix:\n",
      "[[ 1.06776031e+01 -3.77917796e-08 -1.03975365e-09  3.10503800e-15]\n",
      " [-3.77917803e-08 -4.82162946e+00 -2.63801664e-01  8.79186678e-08]\n",
      " [-1.03975304e-09 -2.63801664e-01  4.00125170e+00  3.89605416e-08]\n",
      " [ 7.35849941e-16  8.79186646e-08  3.89605420e-08  2.14277464e+00]]\n",
      "\n",
      "\n",
      "Iteration 25:\n",
      "Q matrix:\n",
      "[[ 1.00000000e+00 -3.53938477e-09 -9.61246698e-11 -3.55927898e-18]\n",
      " [-3.53935054e-09 -9.98506643e-01 -5.46304348e-02  1.86995074e-08]\n",
      " [-9.73770076e-11 -5.46304348e-02  9.98506643e-01 -8.50423401e-09]\n",
      " [ 6.89152736e-17  1.82069923e-08  9.51309637e-09  1.00000000e+00]]\n",
      "R matrix:\n",
      "[[ 1.06776031e+01 -2.07006546e-08 -4.95697003e-10  2.93773905e-15]\n",
      " [ 0.00000000e+00  4.82884064e+00  4.48175936e-02 -5.09023238e-08]\n",
      " [ 0.00000000e+00  0.00000000e+00  4.00968800e+00  5.44837461e-08]\n",
      " [ 0.00000000e+00  0.00000000e+00  0.00000000e+00  2.14277464e+00]]\n",
      "A_25 matrix:\n",
      "[[ 1.06776031e+01 -1.70953246e-08 -3.90452063e-10  2.51685796e-15]\n",
      " [-1.70953239e-08 -4.82407786e+00 -2.19050999e-01  3.90134782e-08]\n",
      " [-3.90451419e-10 -2.19050999e-01  4.00370011e+00  2.03844211e-08]\n",
      " [ 1.47669900e-16  3.90134814e-08  2.03844216e-08  2.14277464e+00]]\n",
      "\n",
      "\n",
      "Iteration 26:\n",
      "Q matrix:\n",
      "[[ 1.00000000e+00 -1.60105579e-09 -3.60954918e-11 -7.14273854e-19]\n",
      " [-1.60104508e-09 -9.98970655e-01 -4.53611086e-02  8.29781579e-09]\n",
      " [-3.65673283e-11 -4.53611086e-02  9.98970655e-01 -4.63740447e-09]\n",
      " [ 1.38298735e-17  8.07891667e-09  5.00902911e-09  1.00000000e+00]]\n",
      "R matrix:\n",
      "[[ 1.06776031e+01 -9.36374836e-09 -1.86146155e-10  2.48328452e-15]\n",
      " [ 0.00000000e+00  4.82904862e+00  3.72132446e-02 -2.25866821e-08]\n",
      " [ 0.00000000e+00  0.00000000e+00  4.00951531e+00  2.93269644e-08]\n",
      " [ 0.00000000e+00  0.00000000e+00  0.00000000e+00  2.14277464e+00]]\n",
      "A_26 matrix:\n",
      "[[ 1.06776031e+01 -7.73288463e-09 -1.46617876e-10  2.39882237e-15]\n",
      " [-7.73288532e-09 -4.82576590e+00 -1.81876060e-01  1.73113010e-08]\n",
      " [-1.46617263e-10 -1.81876060e-01  4.00538814e+00  1.07332201e-08]\n",
      " [ 2.96343022e-17  1.73112977e-08  1.07332205e-08  2.14277464e+00]]\n",
      "\n",
      "\n",
      "Iteration 27:\n",
      "Q matrix:\n",
      "[[ 1.00000000e+00 -7.24218811e-10 -1.35537094e-11 -1.43340025e-19]\n",
      " [-7.24215466e-10 -9.99290543e-01 -3.76617992e-02  3.68195697e-09]\n",
      " [-1.37312898e-11 -3.76617992e-02  9.99290543e-01 -2.51250574e-09]\n",
      " [ 2.77537026e-18  3.58471929e-09  2.64939235e-09  1.00000000e+00]]\n",
      "R matrix:\n",
      "[[ 1.06776031e+01 -4.23549294e-09 -6.98995660e-11  2.39208487e-15]\n",
      " [ 0.00000000e+00  4.82919200e+00  3.08969024e-02 -1.00220061e-08]\n",
      " [ 0.00000000e+00  0.00000000e+00  4.00939627e+00  1.57506814e-08]\n",
      " [ 0.00000000e+00  0.00000000e+00  0.00000000e+00  2.14277464e+00]]\n",
      "A_27 matrix:\n",
      "[[ 1.06776031e+01 -3.49780046e-09 -5.50548206e-11  2.37513506e-15]\n",
      " [-3.49779979e-09 -4.82692953e+00 -1.51001077e-01  7.68124237e-09]\n",
      " [-5.50541821e-11 -1.51001077e-01  4.00655177e+00  5.67705022e-09]\n",
      " [ 5.94699301e-18  7.68124558e-09  5.67705073e-09  2.14277464e+00]]\n",
      "\n",
      "\n",
      "Iteration 28:\n",
      "Q matrix:\n",
      "[[ 1.00000000e+00 -3.27583906e-10 -5.08925825e-12 -2.87653855e-20]\n",
      " [-3.27582862e-10 -9.99511044e-01 -3.12677539e-02  1.63373169e-09]\n",
      " [-5.15604312e-12 -3.12677539e-02  9.99511044e-01 -1.35536885e-09]\n",
      " [ 5.56959548e-19  1.59055353e-09  1.40578926e-09  1.00000000e+00]]\n",
      "R matrix:\n",
      "[[ 1.06776031e+01 -1.91580250e-09 -2.62474093e-11  2.37378298e-15]\n",
      " [ 0.00000000e+00  4.82929084e+00  2.56513698e-02 -4.44679743e-09]\n",
      " [ 0.00000000e+00  0.00000000e+00  4.00931421e+00  8.44638877e-09]\n",
      " [ 0.00000000e+00  0.00000000e+00  0.00000000e+00  2.14277464e+00]]\n",
      "A_28 matrix:\n",
      "[[ 1.06776031e+01 -1.58212449e-09 -2.06728143e-11  2.37038151e-15]\n",
      " [-1.58212517e-09 -4.82773159e+00 -1.25362250e-01  3.40820098e-09]\n",
      " [-2.06721970e-11 -1.25362250e-01  4.00735383e+00  3.01228916e-09]\n",
      " [ 1.19343879e-18  3.40819776e-09  3.01228957e-09  2.14277464e+00]]\n",
      "\n",
      "\n",
      "Iteration 29:\n",
      "Q matrix:\n",
      "[[ 1.00000000e+00 -1.48172641e-10 -1.91092958e-12 -5.77261936e-21]\n",
      " [-1.48172315e-10 -9.99663025e-01 -2.59583623e-02  7.24892938e-10]\n",
      " [-1.93603346e-12 -2.59583623e-02  9.99663025e-01 -7.29013579e-10]\n",
      " [ 1.11770290e-19  7.05724669e-10  7.47584953e-10  1.00000000e+00]]\n",
      "R matrix:\n",
      "[[ 1.06776031e+01 -8.66545616e-10 -9.85597064e-12  2.37011017e-15]\n",
      " [ 0.00000000e+00  4.82935897e+00  2.12956631e-02 -1.97303767e-09]\n",
      " [ 0.00000000e+00  0.00000000e+00  4.00925765e+00  4.52470885e-09]\n",
      " [ 0.00000000e+00  0.00000000e+00  0.00000000e+00  2.14277464e+00]]\n",
      "A_29 matrix:\n",
      "[[ 1.06776031e+01 -7.15619198e-10 -7.76269196e-12  2.36942757e-15]\n",
      " [-7.15618528e-10 -4.82828439e+00 -1.04073763e-01  1.51220571e-09]\n",
      " [-7.76205699e-12 -1.04073763e-01  4.00790663e+00  1.60190558e-09]\n",
      " [ 2.39498542e-19  1.51220892e-09  1.60190608e-09  2.14277464e+00]]\n",
      "\n",
      "\n",
      "Iteration 30:\n",
      "Q matrix:\n",
      "[[ 1.00000000e+00 -6.70206230e-11 -7.17514452e-13 -1.15844560e-21]\n",
      " [-6.70205213e-11 -9.99767771e-01 -2.15500135e-02  3.21633205e-10]\n",
      " [-7.26947509e-13 -2.15500135e-02  9.99767771e-01 -3.91334590e-10]\n",
      " [ 2.24299910e-20  3.13125247e-10  3.98174911e-10  1.00000000e+00]]\n",
      "R matrix:\n",
      "[[ 1.06776031e+01 -3.91949405e-10 -3.70115185e-12  2.36937311e-15]\n",
      " [ 0.00000000e+00  4.82940592e+00  1.76791518e-02 -8.75418781e-10]\n",
      " [ 0.00000000e+00  0.00000000e+00  4.00921868e+00  2.42214462e-09]\n",
      " [ 0.00000000e+00  0.00000000e+00  0.00000000e+00  2.14277464e+00]]\n",
      "A_30 matrix:\n",
      "[[ 1.06776031e+01 -3.23681470e-10 -2.91511190e-12  2.36923613e-15]\n",
      " [-3.23682154e-10 -4.82866538e+00 -8.63987167e-02  6.70960060e-10]\n",
      " [-2.91449153e-12 -8.63987167e-02  4.00828762e+00  8.53198671e-10]\n",
      " [ 4.80624158e-20  6.70956838e-10  8.53199100e-10  2.14277464e+00]]\n",
      "\n",
      "\n",
      "Iteration 31:\n",
      "Q matrix:\n",
      "[[ 1.00000000e+00 -3.03141528e-11 -2.69410001e-13 -2.32476130e-22]\n",
      " [-3.03141211e-11 -9.99839961e-01 -1.78900137e-02  1.42706471e-10]\n",
      " [-2.72953723e-13 -1.78900137e-02  9.99839961e-01 -2.09782711e-10]\n",
      " [ 4.50123640e-21  1.38930617e-10  2.12302158e-10  1.00000000e+00]]\n",
      "R matrix:\n",
      "[[ 1.06776031e+01 -1.77281140e-10 -1.39008777e-12  2.36922520e-15]\n",
      " [ 0.00000000e+00  4.82943828e+00  1.46765693e-02 -3.88419414e-10]\n",
      " [ 0.00000000e+00  0.00000000e+00  4.00919181e+00  1.29597432e-09]\n",
      " [ 0.00000000e+00  0.00000000e+00  0.00000000e+00  2.14277464e+00]]\n",
      "A_31 matrix:\n",
      "[[ 1.06776031e+01 -1.46404856e-10 -1.09495635e-12  2.36919771e-15]\n",
      " [-1.46404183e-10 -4.82892794e+00 -7.17244963e-02  2.97693788e-10]\n",
      " [-1.09432383e-12 -7.17244963e-02  4.00855018e+00  4.54915194e-10]\n",
      " [ 9.64513519e-21  2.97697002e-10  4.54915680e-10  2.14277464e+00]]\n",
      "\n",
      "\n",
      "Iteration 32:\n",
      "Q matrix:\n",
      "[[ 1.00000000e+00 -1.37113439e-11 -1.01156727e-13 -4.66531626e-23]\n",
      " [-1.37113340e-11 -9.99889711e-01 -1.48514508e-02  6.33174685e-11]\n",
      " [-1.02487779e-13 -1.48514508e-02  9.99889711e-01 -1.12353406e-10]\n",
      " [ 9.03305272e-22  6.16418742e-11  1.13281371e-10  1.00000000e+00]]\n",
      "R matrix:\n",
      "[[ 1.06776031e+01 -8.01864607e-11 -5.22345227e-13  2.36919552e-15]\n",
      " [ 0.00000000e+00  4.82946058e+00  1.21837999e-02 -1.72332461e-10]\n",
      " [ 0.00000000e+00  0.00000000e+00  4.00917330e+00  6.93180286e-10]\n",
      " [ 0.00000000e+00  0.00000000e+00  0.00000000e+00  2.14277464e+00]]\n",
      "A_32 matrix:\n",
      "[[ 1.06776031e+01 -6.62189138e-11 -4.11513721e-13  2.36919000e-15]\n",
      " [-6.62195958e-11 -4.82910889e+00 -5.95420401e-02  1.32087866e-10]\n",
      " [-4.10891268e-13 -5.95420401e-02  4.00873113e+00  2.42736010e-10]\n",
      " [ 1.93557963e-21  1.32084645e-10  2.42736449e-10  2.14277464e+00]]\n",
      "\n",
      "\n",
      "Iteration 33:\n",
      "Q matrix:\n",
      "[[ 1.00000000e+00 -6.20173160e-12 -3.79817036e-14 -9.36232717e-24]\n",
      " [-6.20172852e-12 -9.99923996e-01 -1.23288822e-02  2.80932132e-11]\n",
      " [-3.84816015e-14 -1.23288822e-02  9.99923996e-01 -6.01346694e-11]\n",
      " [ 1.81274730e-22  2.73496848e-11  6.04764569e-11  1.00000000e+00]]\n",
      "R matrix:\n",
      "[[ 1.06776031e+01 -3.62678002e-11 -1.96512547e-13  2.36918956e-15]\n",
      " [ 0.00000000e+00  4.82947595e+00  1.01143407e-02 -7.64662793e-11]\n",
      " [ 0.00000000e+00  0.00000000e+00  4.00916054e+00  3.70676483e-10]\n",
      " [ 0.00000000e+00  0.00000000e+00  0.00000000e+00  2.14277464e+00]]\n",
      "A_33 matrix:\n",
      "[[ 1.06776031e+01 -2.99521622e-11 -1.54909732e-13  2.36918846e-15]\n",
      " [-2.99514879e-11 -4.82923359e+00 -4.94284681e-02  5.86009956e-11]\n",
      " [-1.54278918e-13 -4.94284681e-02  4.00885583e+00  1.29586939e-10]\n",
      " [ 3.88430894e-22  5.86042109e-11  1.29587418e-10  2.14277464e+00]]\n",
      "\n",
      "\n",
      "Iteration 34:\n",
      "Q matrix:\n",
      "[[ 1.00000000e+00 -2.80507693e-12 -1.42611045e-14 -1.87882592e-24]\n",
      " [-2.80507597e-12 -9.99947624e-01 -1.02347253e-02  1.24645873e-11]\n",
      " [-1.44488343e-14 -1.02347253e-02  9.99947624e-01 -3.21716016e-11]\n",
      " [ 3.63780982e-23  1.21346670e-11  3.22974882e-11  1.00000000e+00]]\n",
      "R matrix:\n",
      "[[ 1.06776031e+01 -1.64050809e-11 -7.41824179e-14  2.36918837e-15]\n",
      " [ 0.00000000e+00  4.82948654e+00  8.39634099e-03 -3.39223564e-11]\n",
      " [ 0.00000000e+00  0.00000000e+00  4.00915175e+00  1.98186626e-10]\n",
      " [ 0.00000000e+00  0.00000000e+00  0.00000000e+00  2.14277464e+00]]\n",
      "A_34 matrix:\n",
      "[[ 1.06776031e+01 -1.35465172e-11 -5.85514491e-14  2.36918815e-15]\n",
      " [-1.35471979e-11 -4.82931952e+00 -4.10325668e-02  2.60050766e-11]\n",
      " [-5.79275693e-14 -4.10325668e-02  4.00894176e+00  6.92057928e-11]\n",
      " [ 7.79500661e-23  2.60018566e-11  6.92062385e-11  2.14277464e+00]]\n",
      "\n",
      "\n",
      "Iteration 35:\n",
      "Q matrix:\n",
      "[[ 1.00000000e+00 -1.26874927e-12 -5.35465168e-15 -3.77041516e-25]\n",
      " [-1.26874897e-12 -9.99963906e-01 -8.49624583e-03  5.53036051e-12]\n",
      " [-5.42514726e-15 -8.49624583e-03  9.99963906e-01 -1.72063646e-11]\n",
      " [ 7.30033372e-24  5.38397139e-12  1.72527309e-11  1.00000000e+00]]\n",
      "R matrix:\n",
      "[[ 1.06776031e+01 -7.41910047e-12 -2.82405216e-14  2.36918813e-15]\n",
      " [ 0.00000000e+00  4.82949384e+00  6.97013110e-03 -1.50554901e-11]\n",
      " [ 0.00000000e+00  0.00000000e+00  4.00914569e+00  1.05951063e-10]\n",
      " [ 0.00000000e+00  0.00000000e+00  0.00000000e+00  2.14277464e+00]]\n",
      "A_35 matrix:\n",
      "[[ 1.06776031e+01 -6.12812852e-12 -2.23798464e-14  2.36918808e-15]\n",
      " [-6.12745314e-12 -4.82937874e+00 -3.40626873e-02  1.15334213e-11]\n",
      " [-2.17502058e-14 -3.40626873e-02  4.00900098e+00  3.69682410e-11]\n",
      " [ 1.56429699e-23  1.15366373e-11  3.69687141e-11  2.14277464e+00]]\n",
      "\n",
      "\n",
      "Iteration 36:\n",
      "Q matrix:\n",
      "[[ 1.00000000e+00 -5.73860450e-13 -2.01052203e-15 -7.56645871e-26]\n",
      " [-5.73860357e-13 -9.99975127e-01 -7.05304800e-03  2.45373876e-12]\n",
      " [-2.03699328e-15 -7.05304800e-03  9.99975127e-01 -9.20057972e-12]\n",
      " [ 1.46502635e-24  2.38878560e-12  9.21765721e-12  1.00000000e+00]]\n",
      "R matrix:\n",
      "[[ 1.06776031e+01 -3.35667013e-12 -1.09989286e-14  2.36918808e-15]\n",
      " [ 0.00000000e+00  4.82949887e+00  5.78616370e-03 -6.67524400e-12]\n",
      " [ 0.00000000e+00  0.00000000e+00  4.00914151e+00  5.66373378e-11]\n",
      " [ 0.00000000e+00  0.00000000e+00  0.00000000e+00  2.14277464e+00]]\n",
      "A_36 matrix:\n",
      "[[ 1.06776031e+01 -2.77078992e-12 -8.79145582e-15  2.36918807e-15]\n",
      " [-2.77146973e-12 -4.82941955e+00 -2.82766675e-02  5.12184851e-12]\n",
      " [-8.16659431e-15 -2.82766675e-02  4.00904179e+00  1.97509117e-11]\n",
      " [ 3.13922131e-24  5.11862920e-12  1.97513621e-11  2.14277464e+00]]\n",
      "\n",
      "\n",
      "Iteration 37:\n",
      "Q matrix:\n",
      "[[ 1.00000000e+00 -2.59559192e-13 -7.54894285e-16 -1.51841840e-26]\n",
      " [-2.59559163e-13 -9.99982859e-01 -5.85498579e-03  1.08868629e-12]\n",
      " [-7.64834038e-16 -5.85498579e-03  9.99982859e-01 -4.91902521e-12]\n",
      " [ 2.94000561e-25  1.05986680e-12  4.92531514e-12  1.00000000e+00]]\n",
      "R matrix:\n",
      "[[ 1.06776031e+01 -1.51724820e-12 -4.51823928e-15  2.36918807e-15]\n",
      " [ 0.00000000e+00  4.82950233e+00  4.80330012e-03 -2.96634632e-12]\n",
      " [ 0.00000000e+00  0.00000000e+00  4.00913864e+00  3.02744252e-11]\n",
      " [ 0.00000000e+00  0.00000000e+00  0.00000000e+00  2.14277464e+00]]\n",
      "A_37 matrix:\n",
      "[[ 1.06776031e+01 -1.25422139e-12 -3.69515675e-15  2.36918807e-15]\n",
      " [-1.25354526e-12 -4.82944768e+00 -2.34734498e-02  2.26783908e-12]\n",
      " [-3.06632569e-15 -2.34734498e-02  4.00906992e+00  1.05533712e-11]\n",
      " [ 6.29976945e-25  2.27105570e-12  1.05538404e-11  2.14277464e+00]]\n",
      "\n",
      "\n",
      "Iteration 38:\n",
      "Q matrix:\n",
      "[[ 1.00000000e+00 -1.17399508e-13 -2.83441360e-16 -3.04715865e-27]\n",
      " [-1.17399499e-13 -9.99988188e-01 -4.86042589e-03  4.83033075e-13]\n",
      " [-2.87173597e-16 -4.86042589e-03  9.99988188e-01 -2.62966277e-12]\n",
      " [ 5.89998465e-26  4.70246088e-13  2.63197946e-12  1.00000000e+00]]\n",
      "R matrix:\n",
      "[[ 1.06776031e+01 -6.87239915e-13 -2.09068454e-15  2.36918807e-15]\n",
      " [ 0.00000000e+00  4.82950472e+00  3.98738529e-03 -1.31147478e-12]\n",
      " [ 0.00000000e+00  0.00000000e+00  4.00913665e+00  1.61819627e-11]\n",
      " [ 0.00000000e+00  0.00000000e+00  0.00000000e+00  2.14277464e+00]]\n",
      "A_38 matrix:\n",
      "[[ 1.06776031e+01 -5.66303396e-13 -1.77685552e-15  2.36918807e-15]\n",
      " [-5.66982580e-13 -4.82946706e+00 -1.94861116e-02  1.01085025e-12]\n",
      " [-1.15131819e-15 -1.94861116e-02  4.00908930e+00  5.63928526e-12]\n",
      " [ 1.26423375e-25  1.00763139e-12  5.63973883e-12  2.14277464e+00]]\n",
      "\n",
      "\n",
      "Iteration 39:\n",
      "Q matrix:\n",
      "[[ 1.00000000e+00 -5.31001765e-14 -1.06424143e-16 -6.11365837e-28]\n",
      " [-5.31001737e-14 -9.99991860e-01 -4.03480399e-03  2.14314113e-13]\n",
      " [-1.07825528e-16 -4.03480399e-03  9.99991860e-01 -1.40569647e-12]\n",
